件内簇数 6
 [0] p2 簇rect(mm) x[110.03,192.16] y[117.80,133.10]  82.12×15.30 斜长笔16
 [1] p3 簇rect(mm) x[134.94,166.52] y[83.83,141.82]  31.58×57.98 斜长笔6
 [2] p4 簇rect(mm) x[44.07,75.85] y[52.56,84.44]  31.79×31.88 斜长笔6
 [3] p5 簇rect(mm) x[26.13,91.88] y[87.38,153.15]  65.75×65.77 斜长笔8
 [4] p6 簇rect(mm) x[31.56,84.38] y[128.30,151.47]  52.81×23.17 斜长笔5
 [5] p6 簇rect(mm) x[127.33,173.76] y[155.50,185.07]  46.43×29.57 斜长笔6

=== 件内 g3 正方体6 (p5 c1) band y[73.38,167.15] seed 66.46×66.48  连通域163 其中交种子90
  线框并 66.12×66.08  x[25.98,92.10] y[87.26,153.34]
 交种子域清单(mm) x0 y0 x1 y1 w h npx:
     25.98   87.26   92.10  153.34   66.12  66.08
     45.32   89.46   46.97   91.11    1.65   1.65
     43.12   90.65   43.59   92.47    0.47   1.82
     41.77   90.69   42.78   92.55    1.02   1.86
     47.52   91.66   49.18   93.31    1.65   1.65
     40.96   93.70   41.98   95.60    1.02   1.91
     43.12   93.82   43.59   95.60    0.47   1.78
     49.73   93.91   51.42   95.56    1.69   1.65
     51.97   96.11   53.62   97.76    1.65   1.65
     40.20   96.74   41.22   98.65    1.02   1.90
     43.12   96.96   43.59   98.73    0.47   1.78
     68.65   98.23   72.29  102.25    3.64   4.02
     54.21   98.35   55.86  100.00    1.65   1.65
     39.40   99.79   40.41  101.70    1.02   1.91
     43.12  100.09   43.59  101.91    0.47   1.82
     56.41  100.55   58.07  102.25    1.65   1.69
     72.92  100.68   74.15  103.60    1.23   2.92
     60.86  105.00   62.51  106.69    1.65   1.69
     37.79  105.89   38.80  107.75    1.02   1.86
     43.12  106.40   43.59  108.17    0.47   1.78
     63.10  107.24   64.75  108.89    1.65   1.65
     37.03  108.94   38.04  110.80    1.02   1.86
     65.30  109.44   66.96  111.14    1.65   1.69
     43.12  109.53   43.59  111.35    0.47   1.82
     67.55  111.69   69.20  113.34    1.65   1.65
     36.22  111.98   37.24  113.85    1.02   1.86
     43.12  112.70   43.59  114.48    0.47   1.78
     69.75  113.89   71.40  115.58    1.65   1.69
     35.42  115.03   36.43  116.89    1.02   1.86
     43.12  115.84   43.59  117.61    0.47   1.78
     71.99  116.13   73.64  117.78    1.65   1.65
     34.61  118.08   35.63  119.94    1.02   1.86
     43.12  118.97   43.59  120.79    0.47   1.82
     76.44  120.58   78.09  122.23    1.65   1.65
     33.85  121.09   34.87  122.99    1.02   1.90
     43.12  122.10   43.59  123.92    0.47   1.82
     78.64  122.82   80.33  124.47    1.69   1.65
     33.05  124.13   34.06  126.04    1.02   1.91
     43.12  125.28   43.59  127.05    0.47   1.78
     32.24  127.18   33.26  129.04    1.02   1.86
     83.08  127.27   84.78  128.92    1.69   1.65
     43.12  128.41   43.59  130.19    0.47   1.78
     85.33  129.47   86.98  131.16    1.65   1.69
     31.44  130.23   32.45  132.09    1.02   1.86
     43.12  131.54   43.59  133.36    0.47   1.82
     87.53  131.71   89.22  133.36    1.69   1.65
     37.36  133.24   41.73  137.26    4.36   4.02
     30.68  133.28   31.69  135.14    1.02   1.86
     41.89  134.72   45.24  137.43    3.34   2.71
     46.59  135.73   48.37  136.20    1.78   0.47
     49.73  135.73   51.55  136.20    1.82   0.47
     52.86  135.73   54.68  136.20    1.82   0.47
     56.03  135.73   57.81  136.20    1.78   0.47
     59.17  135.73   60.94  136.20    1.78   0.47
     62.30  135.73   64.12  136.20    1.82   0.47
     65.47  135.73   67.25  136.20    1.78   0.47
     68.61  135.73   70.38  136.20    1.78   0.47
     71.74  135.73   73.56  136.20    1.82   0.47
     81.18  135.73   83.00  136.20    1.82   0.47
     84.31  135.73   86.13  136.20    1.82   0.47
     87.49  135.73   89.27  136.20    1.78   0.47
     29.87  136.33   30.89  138.19    1.02   1.86
     86.98  136.45   88.84  137.47    1.86   1.02
     83.93  137.26   85.79  138.27    1.86   1.02
     80.88  138.06   82.75  139.08    1.86   1.02
     39.69  138.10   41.22  139.63    1.52   1.52
     29.07  139.37   30.08  141.24    1.02   1.86
     37.45  140.30   39.02  141.87    1.57   1.57
     71.74  140.43   73.60  141.45    1.86   1.02
     68.69  141.24   70.60  142.25    1.91   1.02
     65.64  142.04   67.55  143.06    1.91   1.02
     28.31  142.42   29.32  144.28    1.02   1.86
     35.25  142.55   36.77  144.07    1.52   1.52
     62.64  142.80   64.50  143.82    1.86   1.02
     59.59  143.61   61.45  144.62    1.86   1.02
     56.54  144.41   58.40  145.43    1.86   1.02
     33.00  144.75   34.57  146.32    1.57   1.57
     53.49  145.22   55.36  146.23    1.86   1.02
     27.50  145.47   28.52  147.33    1.02   1.86
     50.45  145.98   52.31  146.99    1.86   1.02
     47.40  146.78   49.26  147.80    1.86   1.02
     30.80  146.99   32.33  148.52    1.52   1.52
     44.35  147.59   46.21  148.60    1.86   1.02
     41.30  148.39   43.21  149.41    1.90   1.02
     26.70  148.52   27.71  150.38    1.02   1.86
     38.25  149.15   40.16  150.17    1.90   1.02
     28.56  149.19   30.13  150.76    1.57   1.57
     35.25  149.96   37.11  150.97    1.86   1.02
     32.20  150.76   34.06  151.78    1.86   1.02
     29.15  151.57   31.01  152.58    1.86   1.02
 不交种子域(潜在标签/污染):
     51.21   73.50   57.26   74.18    6.05   0.68  在线框并内=False
     62.60   73.50   67.38   74.18    4.78   0.68  在线框并内=False
     39.06   73.84   42.36   77.27    3.30   3.43  在线框并内=False
     33.72   73.88   36.52   77.23    2.79   3.34  在线框并内=False
     59.00   73.88   61.49   77.23    2.50   3.34  在线框并内=False
     76.23   73.88   79.19   77.23    2.96   3.34  在线框并内=False
     84.02   73.88   87.36   77.23    3.34   3.34  在线框并内=False
     43.29   73.93   46.00   77.23    2.71   3.30  在线框并内=False
     68.65   73.93   71.61   77.19    2.96   3.26  在线框并内=False
     72.29   73.93   75.59   77.23    3.30   3.30  在线框并内=False
     80.33   73.93   83.30   77.19    2.96   3.26  在线框并内=False
     88.88   73.93   89.86   77.23    0.97   3.30  在线框并内=False
     46.85   73.97   50.15   77.14    3.30   3.17  在线框并内=False
     17.34   74.39   19.25   76.80    1.90   2.41  在线框并内=False
     24.75   74.39   27.04   76.89    2.29   2.50  在线框并内=False
     53.66   74.39   55.95   76.89    2.29   2.50  在线框并内=False
     62.38   74.39   64.63   76.80    2.24   2.41  在线框并内=False
     65.01   74.39   67.29   76.89    2.29   2.50  在线框并内=False
     20.81   74.43   22.97   76.80    2.16   2.37  在线框并内=False
     28.31   74.43   30.89   76.80    2.58   2.37  在线框并内=False
     51.17   74.43   53.32   76.80    2.16   2.37  在线框并内=False
     87.87   74.77   89.14   76.55    1.27   1.78  在线框并内=False
     90.11   74.86   91.13   76.34    1.02   1.48  在线框并内=False
     44.05   75.15   45.20   76.51    1.14   1.35  在线框并内=False
     58.36   75.83   60.69   76.17    2.33   0.34  在线框并内=False
     19.71   76.30   20.43   77.61    0.72   1.31  在线框并内=False
     23.35   76.30   24.07   77.61    0.72   1.31  在线框并内=False
     27.20   76.30   27.92   77.61    0.72   1.31  在线框并内=False
     31.27   76.30   31.95   77.61    0.68   1.31  在线框并内=False
     56.12   76.30   56.84   77.61    0.72   1.31  在线框并内=False
     37.45   76.34   38.00   77.31    0.55   0.97  在线框并内=False
     91.55   76.47   92.02   76.89    0.47   0.42  在线框并内=False
     38.25   80.78   42.61   84.81    4.36   4.02  在线框并内=False
     92.78   82.82   96.63   87.05    3.85   4.23  在线框并内=False
     43.16   83.24   44.39   86.16    1.23   2.92  在线框并内=False
     96.93   85.40   98.16   88.32    1.23   2.92  在线框并内=False
     18.36  100.09   22.17  104.19    3.81   4.11  在线框并内=False
     22.93  102.63   24.16  105.55    1.23   2.92  在线框并内=False
     92.95  134.63   96.80  138.87    3.85   4.23  在线框并内=False
     22.21  153.60   26.02  157.70    3.81   4.11  在线框并内=False
     73.81  154.19   77.45  158.21    3.64   4.02  在线框并内=False
     45.32  162.32   48.71  164.18    3.39   1.86  在线框并内=False
     18.48  162.36   21.91  165.75    3.43   3.39  在线框并内=False
     28.22  162.36   31.61  165.70    3.39   3.34  在线框并内=False
     41.39  162.36   44.73  164.60    3.34   2.24  在线框并内=False
     63.61  162.36   66.91  165.70    3.30   3.34  在线框并内=False
     80.25  162.36   81.18  165.70    0.93   3.34  在线框并内=False
     22.51  162.40   25.81  165.70    3.30   3.30  在线框并内=False
     53.24  162.40   56.54  165.66    3.30   3.26  在线框并内=False
     59.63  162.40   62.98  165.75    3.34   3.34  在线框并内=False
     67.93  162.40   70.64  165.70    2.71   3.30  在线框并内=False
     77.96  162.40   80.46  165.70    2.50   3.30  在线框并内=False
     90.03  162.40   92.95  165.66    2.92   3.26  在线框并内=False
     94.13  162.40   96.84  165.70    2.71   3.30  在线框并内=False
     32.20  162.45   35.50  165.66    3.30   3.22  在线框并内=False
     49.56  162.45   52.44  165.66    2.88   3.22  在线框并内=False
     71.57  162.45   74.87  165.62    3.30   3.18  在线框并内=False
     85.92  162.45   89.05  165.62    3.13   3.18  在线框并内=False
     97.77  162.45  101.08  165.62    3.30   3.18  在线框并内=False
     81.90  162.49   85.12  165.66    3.22   3.17  在线框并内=False
     17.51  162.87   18.27  166.00    0.76   3.13  在线框并内=False
     26.06  162.87   26.82  166.00    0.76   3.13  在线框并内=False
     37.11  162.87   38.04  165.28    0.93   2.41  在线框并内=False
     90.79  163.25   92.14  164.99    1.35   1.74  在线框并内=False
     85.96  163.38   87.32  164.39    1.35   1.02  在线框并内=False
     68.69  163.63   69.83  164.99    1.14   1.35  在线框并内=False
     94.90  163.63   96.04  164.99    1.14   1.35  在线框并内=False
     39.10  164.05   39.61  164.56    0.51   0.51  在线框并内=False
     41.39  164.18   44.48  165.70    3.09   1.52  在线框并内=False
     46.13  164.27   47.99  165.75    1.86   1.48  在线框并内=False
     57.35  164.82   57.90  165.79    0.55   0.97  在线框并内=False
     75.63  164.82   76.18  165.79    0.55   0.97  在线框并内=False
     39.10  165.07   39.61  165.54    0.51   0.47  在线框并内=False

=== 素材 tikz_tan6.pdf  页 86.00×82.00  k=0.9767  簇数1 种子 68.02×68.04  连通域99 交种子91
  素材线框并 71.29×72.09  ×k=69.63×70.42  x[5.36,76.65] y[7.65,79.74]
 素材交种子域(mm, 已×k 折件内尺寸) 按宽降序:
      9.00    7.65  w 67.65 h 67.61  →折 w 66.08 h 66.03
     20.73   54.68  w  4.49 h  4.15  →折 w  4.38 h  4.05
      5.36   75.38  w  4.11 h  4.36  →折 w  4.01 h  4.26
     52.73   19.08  w  4.23 h  4.15  →折 w  4.13 h  4.05
     25.30   56.20  w  3.39 h  2.75  →折 w  3.31 h  2.69
     57.35   21.32  w  1.35 h  2.79  →折 w  1.32 h  2.73
     53.79   34.91  w  1.74 h  1.69  →折 w  1.70 h  1.65
     69.75   50.83  w  1.69 h  1.74  →折 w  1.65 h  1.70
     35.59   16.67  w  1.69 h  1.74  →折 w  1.65 h  1.70
     33.30   14.42  w  1.74 h  1.69  →折 w  1.70 h  1.65
     46.98   28.05  w  1.69 h  1.74  →折 w  1.65 h  1.70
     67.47   48.58  w  1.69 h  1.69  →折 w  1.65 h  1.65
     51.55   32.62  w  1.69 h  1.69  →折 w  1.65 h  1.65
     56.08   37.20  w  1.69 h  1.69  →折 w  1.65 h  1.65
     31.06   12.14  w  1.69 h  1.69  →折 w  1.65 h  1.65
     37.87   18.95  w  1.69 h  1.69  →折 w  1.65 h  1.65
     28.77    9.85  w  1.69 h  1.69  →折 w  1.65 h  1.65
     40.16   21.24  w  1.69 h  1.69  →折 w  1.65 h  1.65
     44.69   25.81  w  1.69 h  1.69  →折 w  1.65 h  1.65
     72.04   53.11  w  1.69 h  1.69  →折 w  1.65 h  1.65
     49.26   30.34  w  1.69 h  1.69  →折 w  1.65 h  1.65
     60.65   41.73  w  1.69 h  1.69  →折 w  1.65 h  1.65
     62.94   44.01  w  1.69 h  1.69  →折 w  1.65 h  1.65
     23.02   59.63  w  1.61 h  1.61  →折 w  1.57 h  1.57
     20.73   61.92  w  1.61 h  1.61  →折 w  1.57 h  1.57
     18.44   64.21  w  1.61 h  1.61  →折 w  1.57 h  1.57
     11.63   71.02  w  1.61 h  1.61  →折 w  1.57 h  1.57
     16.20   66.49  w  1.57 h  1.57  →折 w  1.53 h  1.53
     13.91   68.78  w  1.57 h  1.57  →折 w  1.53 h  1.53
     13.79   54.72  w  1.06 h  1.95  →折 w  1.03 h  1.90
      9.72   70.30  w  1.06 h  1.95  →折 w  1.03 h  1.90
     24.33   14.21  w  1.06 h  1.95  →折 w  1.03 h  1.90
     12.22   73.43  w  1.95 h  1.06  →折 w  1.90 h  1.03
     20.26   29.79  w  1.06 h  1.95  →折 w  1.03 h  1.90
     43.38   65.31  w  1.95 h  1.06  →折 w  1.90 h  1.03
     27.80   69.37  w  1.95 h  1.06  →折 w  1.90 h  1.03
     11.33   64.08  w  1.06 h  1.91  →折 w  1.03 h  1.86
     10.53   67.21  w  1.06 h  1.91  →折 w  1.03 h  1.86
     19.46   32.92  w  1.06 h  1.91  →折 w  1.03 h  1.86
     15.40   48.50  w  1.06 h  1.91  →折 w  1.03 h  1.86
     14.59   51.63  w  1.06 h  1.91  →折 w  1.03 h  1.86
     71.44   57.98  w  1.91 h  1.06  →折 w  1.86 h  1.03
     55.87   62.05  w  1.91 h  1.06  →折 w  1.86 h  1.03
     23.52   17.34  w  1.06 h  1.90  →折 w  1.03 h  1.86
     22.72   20.48  w  1.06 h  1.90  →折 w  1.03 h  1.86
     18.65   36.05  w  1.06 h  1.90  →折 w  1.03 h  1.86
     40.29   66.11  w  1.90 h  1.06  →折 w  1.86 h  1.03
     24.71   70.17  w  1.90 h  1.06  →折 w  1.86 h  1.03
     17.85   39.14  w  1.02 h  1.95  →折 w  0.99 h  1.90
     34.02   67.76  w  1.95 h  1.02  →折 w  1.90 h  0.99
     18.44   71.83  w  1.95 h  1.02  →折 w  1.90 h  0.99
     65.18   59.63  w  1.95 h  1.02  →折 w  1.90 h  0.99
     49.60   63.70  w  1.95 h  1.02  →折 w  1.90 h  0.99
     15.35   72.63  w  1.90 h  1.02  →折 w  1.86 h  0.99
     16.24   45.41  w  1.02 h  1.91  →折 w  0.99 h  1.86
     12.98   57.86  w  1.02 h  1.91  →折 w  0.99 h  1.86
     68.31   58.83  w  1.91 h  1.02  →折 w  1.86 h  0.99
     52.73   62.89  w  1.91 h  1.02  →折 w  1.86 h  0.99
     46.51   64.50  w  1.91 h  1.02  →折 w  1.86 h  0.99
     37.15   66.96  w  1.91 h  1.02  →折 w  1.86 h  0.99
     30.93   68.57  w  1.91 h  1.02  →折 w  1.86 h  0.99
     17.05   42.28  w  1.02 h  1.90  →折 w  0.99 h  1.86
     25.17   11.12  w  1.02 h  1.91  →折 w  0.99 h  1.86
     21.58   71.02  w  1.90 h  1.02  →折 w  1.86 h  0.99
     21.11   26.70  w  1.02 h  1.90  →折 w  0.99 h  1.86
     12.18   60.99  w  1.02 h  1.90  →折 w  0.99 h  1.86
     26.57   30.42  w  0.42 h  1.86  →折 w  0.41 h  1.82
     26.57   33.64  w  0.42 h  1.86  →折 w  0.41 h  1.82
     26.57   36.86  w  0.42 h  1.86  →折 w  0.41 h  1.82
     26.57   40.08  w  0.42 h  1.86  →折 w  0.41 h  1.82
     26.57   43.29  w  0.42 h  1.86  →折 w  0.41 h  1.82
     26.57   46.51  w  0.42 h  1.86  →折 w  0.41 h  1.82
     26.57   49.73  w  0.42 h  1.86  →折 w  0.41 h  1.82
     30.08   57.26  w  1.86 h  0.42  →折 w  1.82 h  0.41
     36.52   57.26  w  1.86 h  0.42  →折 w  1.82 h  0.41
     39.74   57.26  w  1.86 h  0.42  →折 w  1.82 h  0.41
     46.17   57.26  w  1.86 h  0.42  →折 w  1.82 h  0.41
     49.39   57.26  w  1.86 h  0.42  →折 w  1.82 h  0.41
     52.61   57.26  w  1.86 h  0.42  →折 w  1.82 h  0.41
     33.30   57.26  w  1.86 h  0.42  →折 w  1.82 h  0.41
     42.95   57.26  w  1.86 h  0.42  →折 w  1.82 h  0.41
     26.57   14.34  w  0.42 h  1.82  →折 w  0.41 h  1.78
     26.57   17.55  w  0.42 h  1.82  →折 w  0.41 h  1.78
     26.57   11.12  w  0.42 h  1.82  →折 w  0.41 h  1.78
     26.57   27.21  w  0.42 h  1.82  →折 w  0.41 h  1.78
     26.57   52.99  w  0.42 h  1.82  →折 w  0.41 h  1.78
     26.57   20.77  w  0.42 h  1.82  →折 w  0.41 h  1.78
     65.52   57.26  w  1.82 h  0.42  →折 w  1.78 h  0.41
     55.87   57.26  w  1.82 h  0.42  →折 w  1.78 h  0.41
     68.74   57.26  w  1.82 h  0.42  →折 w  1.78 h  0.41
     71.95   57.26  w  1.82 h  0.42  →折 w  1.78 h  0.41

 素材不交种子域:
     77.29    3.25   81.52    7.65  w  4.23 h  4.40 →折 w  4.13 h  4.30
     77.37   56.12   81.60   60.52  w  4.23 h  4.40 →折 w  4.13 h  4.30
     21.75    1.21   26.23    5.36  w  4.49 h  4.15 →折 w  4.38 h  4.05
      1.51   20.81    5.62   25.17  w  4.11 h  4.36 →折 w  4.01 h  4.26
     57.86   76.14   62.09   80.29  w  4.23 h  4.15 →折 w  4.13 h  4.05
     26.78    3.50   28.14    6.29  w  1.35 h  2.79 →折 w  1.32 h  2.73
     81.65    5.62   83.00    8.41  w  1.35 h  2.79 →折 w  1.32 h  2.73
      6.12   23.27    7.48   26.06  w  1.35 h  2.79 →折 w  1.32 h  2.73
